P1 = [
	[0.9998 -0.0127 0.0148 -114.1],
	[-0.0035 -0.8663 -0.4997 692.5],
	[0.01991 0.4994 -0.8662 -74.5],
	[0 0 0 1]
	]
	
P2 = [
	[0.9998 0.0065 0.0183  -115.5],
	[-0.0035 -0.8659 0.5002 292.5],
	[0.0191 -0.5003 -0.8657 -74.7],
	[0 0 0 1]
	]
	
P3 = [
	[0.8563 -0.0036 0.5163 -417.3],
	[-0.0033 -1 -0.0015 493.5],
	[0.5163 -0.0005 -0.8564 52.7],
	[0 0 0 1]
	]
	
P4 = [
	[0.8753 -0.0036 -0.4835 -182.6],
	[-0.003 -1 0.0021 491.5],
	[-0.4835 -0.0005 -0.8754 64.1],
	[0 0 0 1],
	]